structure(list(country = structure(c(2L, 2L, 2L, 2L, 2L, 2L, 
2L, 2L, 2L, 2L, 2L, 2L, 4L, 4L, 4L, 4L, 4L, 4L, 4L, 4L, 4L, 4L, 
4L, 4L, 5L, 5L, 5L, 5L, 5L, 5L, 5L, 5L, 5L, 5L, 5L, 5L, 3L, 3L, 
3L, 3L, 3L, 3L, 3L, 3L, 3L, 3L, 3L, 3L, 1L, 1L, 1L, 1L, 1L, 1L, 
1L, 1L, 1L, 1L, 1L, 1L), .Label = c("Rwanda", "Cambodia", "Haiti", 
"Canada", "France"), class = "factor", scores = structure(c(59.723, 
80.653, 80.657, 60.916, 46.242), .Dim = 5L, .Dimnames = list(
    c("Cambodia", "Canada", "France", "Haiti", "Rwanda")))), 
    year = c(1952L, 1957L, 1962L, 1967L, 1972L, 1977L, 1982L, 
    1987L, 1992L, 1997L, 2002L, 2007L, 1952L, 1957L, 1962L, 1967L, 
    1972L, 1977L, 1982L, 1987L, 1992L, 1997L, 2002L, 2007L, 1952L, 
    1957L, 1962L, 1967L, 1972L, 1977L, 1982L, 1987L, 1992L, 1997L, 
    2002L, 2007L, 1952L, 1957L, 1962L, 1967L, 1972L, 1977L, 1982L, 
    1987L, 1992L, 1997L, 2002L, 2007L, 1952L, 1957L, 1962L, 1967L, 
    1972L, 1977L, 1982L, 1987L, 1992L, 1997L, 2002L, 2007L), 
    pop = c(4693836, 5322536, 6083619, 6960067, 7450606, 6978607, 
    7272485, 8371791, 10150094, 11782962, 12926707, 14131858, 
    14785584, 17010154, 18985849, 20819767, 22284500, 23796400, 
    25201900, 26549700, 28523502, 30305843, 31902268, 33390141, 
    42459667, 44310863, 47124000, 49569000, 51732000, 53165019, 
    54433565, 55630100, 57374179, 58623428, 59925035, 61083916, 
    3201488, 3507701, 3880130, 4318137, 4698301, 4908554, 5198399, 
    5756203, 6326682, 6913545, 7607651, 8502814, 2534927, 2822082, 
    3051242, 3451079, 3992121, 4657072, 5507565, 6349365, 7290203, 
    7212583, 7852401, 8860588), continent = structure(c(3L, 3L, 
    3L, 3L, 3L, 3L, 3L, 3L, 3L, 3L, 3L, 3L, 2L, 2L, 2L, 2L, 2L, 
    2L, 2L, 2L, 2L, 2L, 2L, 2L, 4L, 4L, 4L, 4L, 4L, 4L, 4L, 4L, 
    4L, 4L, 4L, 4L, 2L, 2L, 2L, 2L, 2L, 2L, 2L, 2L, 2L, 2L, 2L, 
    2L, 1L, 1L, 1L, 1L, 1L, 1L, 1L, 1L, 1L, 1L, 1L, 1L), .Label = c("Africa", 
    "Americas", "Asia", "Europe"), class = "factor"), lifeExp = c(39.417, 
    41.366, 43.415, 45.415, 40.317, 31.22, 50.957, 53.914, 55.803, 
    56.534, 56.752, 59.723, 68.75, 69.96, 71.3, 72.13, 72.88, 
    74.21, 75.76, 76.86, 77.95, 78.61, 79.77, 80.653, 67.41, 
    68.93, 70.51, 71.55, 72.38, 73.83, 74.89, 76.34, 77.46, 78.64, 
    79.59, 80.657, 37.579, 40.696, 43.59, 46.243, 48.042, 49.923, 
    51.461, 53.636, 55.089, 56.671, 58.137, 60.916, 40, 41.5, 
    43, 44.1, 44.6, 45, 46.218, 44.02, 23.599, 36.087, 43.413, 
    46.242), gdpPercap = c(368.4692856, 434.0383364, 496.9136476, 
    523.4323142, 421.6240257, 524.9721832, 624.4754784, 683.8955732, 
    682.3031755, 734.28517, 896.2260153, 1713.778686, 11367.16112, 
    12489.95006, 13462.48555, 16076.58803, 18970.57086, 22090.88306, 
    22898.79214, 26626.51503, 26342.88426, 28954.92589, 33328.96507, 
    36319.23501, 7029.809327, 8662.834898, 10560.48553, 12999.91766, 
    16107.19171, 18292.63514, 20293.89746, 22066.44214, 24703.79615, 
    25889.78487, 28926.03234, 30470.0167, 1840.366939, 1726.887882, 
    1796.589032, 1452.057666, 1654.456946, 1874.298931, 2011.159549, 
    1823.015995, 1456.309517, 1341.726931, 1270.364932, 1201.637154, 
    493.3238752, 540.2893983, 597.4730727, 510.9637142, 590.5806638, 
    670.0806011, 881.5706467, 847.991217, 737.0685949, 589.9445051, 
    785.6537648, 863.0884639)), class = "data.frame", .Names = c("country", 
"year", "pop", "continent", "lifeExp", "gdpPercap"), row.names = c(NA, 
-60L))
